100
0.421708 0.175644
0.672744 0.242766
0.193626 0.052421
0.156044 0.343357
0.287760 0.105003
0.676095 0.473371
0.197263 -0.152664
0.245943 0.298958
0.257486 -0.020909
0.439519 0.267636
0.561575 0.575317
0.890356 0.325770
0.233534 0.204726
0.270808 0.460274
0.182838 0.468386
0.143795 0.029415
0.288134 0.795734
0.344972 0.290039
0.472432 0.411115
0.129752 0.398392
0.567255 0.192905
0.563702 0.506372
0.949749 0.195896
0.119597 0.093544
0.167909 0.520526
0.430726 0.360609
0.294126 0.225322
0.363550 0.295628
0.670220 0.513757
0.741953 -0.106435
0.164700 0.459964
0.313194 0.334957
0.231355 -0.077912
0.370605 0.509663
0.356127 0.283878
0.208276 0.327661
0.208597 0.438498
0.285955 0.171193
0.366303 0.315852
0.615541 0.092115
0.504694 -0.041539
0.377020 0.520963
0.620910 0.267114
0.158905 0.483658
0.393309 0.334682
0.307917 0.577693
0.465834 0.582567
0.389159 0.441308
0.397652 0.634678
0.487488 0.736980
0.358166 0.272869
0.654024 0.404727
0.429549 0.412767
0.456303 0.327561
0.248985 0.364236
0.322551 0.650832
0.112987 0.075068
0.187865 0.171538
0.697050 0.274024
0.342908 0.218845
0.581448 0.360174
0.407732 0.286440
0.478091 0.106751
0.437124 0.051179
0.115519 0.351063
0.582972 0.143182
0.200123 0.351259
0.489061 0.181493
0.577381 0.032052
0.574783 0.421075
0.121874 -0.040076
0.117626 0.385061
0.185451 0.240857
0.250334 -0.050261
0.276911 0.499898
0.424368 0.288676
0.476538 0.382071
0.414729 0.541874
0.451418 0.344612
0.470617 0.207831
0.236496 0.112848
0.289141 0.373287
0.309288 0.210685
0.328853 0.297648
0.422670 0.067243
0.838033 0.007724
0.074074 0.278043
0.608743 0.798547
0.232847 0.408775
0.455073 0.257066
-0.157006 0.582665
0.479254 0.674740
0.648096 0.390123
0.341926 0.353130
0.343896 0.246401
0.332120 0.583820
0.415676 0.222630
0.347128 -0.104567
0.600870 0.460488
0.400016 0.297252
0.276671 0.381809
0.685818 0.101860
0.542677 0.317540
0.690736 0.345661
0.407528 0.095365
0.131166 0.432797
0.058135 0.429549
0.459887 0.128945
0.568011 0.760831
-0.037667 0.746907
0.061908 0.401149
0.170590 0.720646
0.256718 0.523765
0.124971 0.120689
0.588069 0.019253
0.249217 0.320293
0.515104 0.493793
0.499025 0.800570
0.290815 0.511631
0.344896 0.294557
0.321477 0.493343
0.256176 0.346924
0.368108 -0.001394
0.792983 0.801817
0.168586 0.613583
0.038382 0.392886
0.003338 0.412087
0.580899 -0.051529
0.203006 0.194592
0.571879 0.751874
-0.026574 0.213951
0.465705 0.231072
0.470344 0.497086
0.275498 0.411151
0.155150 0.111014
0.219717 0.430193
0.438860 0.535262
0.546921 0.272819
0.514946 0.204759
0.696819 0.123741
0.490586 0.422639
0.115101 0.476232
0.450603 0.762780
0.567540 0.511014
0.122706 0.838915
0.186289 0.486303
0.126970 0.334772
0.275081 0.338665
0.274056 0.211057
0.515790 0.502895
0.758360 0.475834
0.529161 0.814643
-0.115062 0.050629
0.168463 0.235165
0.491304 0.613943
0.265826 0.309658
0.656953 0.419588
0.447945 0.566583
0.279669 0.553075
0.394048 0.302703
-0.008000 0.280455
0.490217 0.432382
0.360508 0.601823
0.809756 0.314844
0.441369 -0.231713
0.278531 0.240713
0.782168 0.384357
0.028140 0.386151
0.121977 0.130787
0.258390 0.355184
0.092108 0.735886
-0.057978 0.132342
0.419994 0.049192
0.606703 0.743164
0.270444 0.664812
0.317617 0.332214
0.169087 0.233604
0.450028 0.132300
0.442549 0.392095
0.278596 0.441803
0.399231 0.405599
0.249227 0.131837
0.386731 0.175337
0.219923 0.306733
0.648888 0.201472
0.611706 -0.176829
0.039469 0.667853
0.493926 0.523593
-0.337776 0.269551
0.631123 0.735137
-0.082213 0.321136
0.502424 0.619536
0.469790 0.173982
0.541081 0.482752
0.330070 0.915378
0.322789 0.289815
0.145448 0.304837
0.271514 0.321748
0.711090 0.752459
0.250337 0.117896
0.070436 -0.150612 0.080357 -0.471613 -0.056035 0.005097 -0.195765 -0.391893 -0.020647 0.119226 -0.014680 0.031777 -0.554471 -0.017327 -0.610555 -0.874684 -0.635575 -0.230591 -0.346191 -0.487114 0.400231 -0.177592 -0.389005 -0.195657 -0.084880 -0.026041 0.672605 0.189355 0.386547 -0.178137 0.211076 0.703083 -0.359567 -0.070186 0.481497 0.774768 -0.491835 0.246320 0.066612 0.065155 -0.192158 0.229316 -0.363193 -0.665243 0.109920 0.125545 -0.002188 0.204631 0.399151 0.791473 -0.229960 -0.197812 0.330592 0.456457 0.074579 0.104785 -0.462752 -1.006905 -0.480955 -0.291160 0.272226 0.757727 -0.090191 -0.178653 0.357848 0.432840 -0.232481 0.405657 0.414559 -0.275056 -0.190161 0.249318 -0.062761 -0.316265 -0.254980 0.475164 -0.277067 0.018933 -0.265119 0.014567 0.420646 -0.191968 0.310335 -0.210371 0.161036 -0.202762 0.311146 0.168475 0.503529 0.130956 0.138600 0.043501 0.316822 0.096710 0.138025 0.112990 0.117331 0.146394 -0.191058 0.015950
